601390.SH|中国中铁|123975911219.20|20260227|6.09|6.27|6.04|6.21|536524928.0|335214.06|6.06|0|0|2.4752|1|0|1|0|1|0|5.95|5.69|5.61|5.54|0.0|0.0|0|0|-0.05
000988.SZ|华工科技|86278013760.00|20260227|86.57|90.63|85.05|89.61|93166872.0|824388.63|88.3|0|0|1.4836|1|0|1|0|0|1|84.12|79.81|78.24|79.21|0.0|0.0|0|0|-0.05
601212.SH|白银有色|79379181568.00|20260227|10.46|10.76|10.36|10.7|263040528.0|278465.25|10.47|0|0|2.1968|1|0|1|0|0|1|10.36|10.07|11.14|9.86|0.0|0.0|0|0|-0.05
600141.SH|兴发集团|51975245312.00|20260227|42.16|43.47|41.81|42.6|31967036.0|137360.67|42.38|0|0|0.5191|1|0|1|0|0|1|41.31|39.52|39.73|39.63|0.0|0.0|0|0|-0.05
600871.SH|石化油服|45247020400.64|20260227|3.21|3.29|3.17|3.21|268646112.0|86170.85|3.2|0|0|0.3125|1|0|0|0|0|1|3.18|3.11|3.02|2.81|0.0|0.0|0|0|-0.05
000603.SZ|盛达资源|33615838467.84|20260227|49.56|52.24|49.49|51.88|36760504.0|188613.02|49.96|0|0|3.8431|1|0|1|0|1|0|49.39|48.44|52.62|48.62|0.0|0.0|0|0|-0.05
600550.SH|保变电气|32042594995.20|20260227|17.4|17.93|17.34|17.48|122939568.0|215551.0|17.77|0|0|-1.632|0|1|1|0|0|1|16.91|16.25|15.7|15.12|0.0|0.0|0|0|-0.05
002312.SZ|川发龙蟒|25744131694.08|20260227|13.35|13.76|13.31|13.59|120719472.0|164778.58|13.53|0|0|0.4435|1|0|1|0|0|1|12.99|12.32|12.22|11.97|0.0|0.0|0|0|-0.05
002895.SZ|川恒股份|25292516659.20|20260227|40.98|41.9|40.66|41.18|12244464.0|52570.2|41.21|0|0|-0.0728|0|1|1|0|0|1|40.38|38.66|38.55|38.1|0.0|0.0|0|0|-0.05
600339.SH|中油工程|23840039910.40|20260227|4.17|4.25|4.14|4.23|108461528.0|45787.67|4.18|0|0|1.1962|1|0|1|0|0|1|4.15|4.05|3.98|3.83|0.0|0.0|0|0|-0.05
